lastAccountName: gladi
timestamps:
  login: 1556033922440
  lastteleport: 1556023054734
  logout: 1556033975368
  kits:
    tools: 1555946855655
ipAddress: 127.0.0.1
lastlocation:
  world: world
  x: 179.62622725638983
  y: 72.41621010722058
  z: 218.7040798847301
  yaw: -57.139294
  pitch: 18.000032
logoutlocation:
  world: world
  x: 253.5889835342458
  y: 66.15814676123665
  z: 237.463391894742
  yaw: 256.20602
  pitch: -1.9500414
afk: false
