spawns: 
  default: 
    world: world
    x: 201.42371938533208
    y: 67.0
    z: 225.3005363382223
    yaw: -270.8891
    pitch: 1.3499647
