world: world
x: 196.96466154780418
y: 64.0
z: 211.75953428050593
yaw: 87.61359
pitch: -4.350019
name: mine
lastowner: 566b20e8-7b37-3314-b7bd-f49b39ab72f0
