world: world
x: 202.8614431644237
y: 154.0
z: 226.5687825972226
yaw: 269.56073
pitch: -0.90005493
name: view
lastowner: 566b20e8-7b37-3314-b7bd-f49b39ab72f0
